[0m[7m[38;2;0;0;0m [0m[38;2;0;0;0;48;2;0;0;0m              [48;2;1;6;9m┈[38;2;4;105;159;48;2;2;11;16m▄[38;2;9;95;141;48;2;5;7;8m▎[48;2;0;0;0m           [0m
[7m[38;2;0;0;0m [0m[38;2;0;0;0;48;2;0;0;0m            [38;2;7;41;60;48;2;0;1;2m▁[38;2;4;107;161;48;2;2;12;18m▄[38;2;1;123;188;48;2;6;70;102m▇[38;2;0;128;196;48;2;0;127;195m╴[38;2;7;124;186;48;2;6;9;9m▎[48;2;0;0;0m           [0m
[7m[38;2;0;0;0m [0m[38;2;0;0;0;48;2;0;0;0m          [38;2;9;44;61;48;2;0;1;2m▁[38;2;4;108;163;48;2;2;13;19m▄[38;2;1;124;189;48;2;6;74;108m▇[38;2;0;127;195;48;2;0;127;196m▇[38;2;0;128;196;48;2;0;128;195m┈[48;2;0;127;195m┊[38;2;6;124;185;48;2;6;9;10m▎[48;2;0;0;0m           [0m
[7m[38;2;0;0;0m [0m[38;2;0;0;0;48;2;0;0;0m        [38;2;7;46;67;48;2;0;2;2m▁[38;2;4;109;165;48;2;3;14;21m▄[38;2;59;134;171;48;2;27;69;91m▇[38;2;129;148;150;48;2;31;110;147m▄[38;2;75;117;136;48;2;12;104;149m▁[38;2;11;89;125;48;2;0;126;193m▄[38;2;11;43;58;48;2;2;122;185m▂[38;2;3;13;18;48;2;5;107;161m▅[38;2;0;0;0;48;2;0;2;3m┈[48;2;0;0;0m           [0m
[7m[38;2;0;0;0m [0m[38;2;0;0;0;48;2;0;0;0m      [38;2;8;49;70;48;2;1;2;3m▁[38;2;4;111;167;48;2;3;16;22m▄[38;2;5;125;189;48;2;8;77;114m▇[38;2;35;134;184;48;2;5;128;194m▖[38;2;13;129;189;48;2;137;154;157m▋[38;2;139;154;154;48;2;140;153;152m▇[38;2;140;153;152;48;2;134;151;151m┈[38;2;15;46;58;48;2;108;132;138m▝[38;2;74;81;81;48;2;7;8;9m▁[48;2;0;0;0m             [0m
[7m[38;2;0;0;0m [0m[38;2;0;0;0;48;2;0;0;0m    [38;2;8;50;72;48;2;0;2;3m▁[38;2;4;112;169;48;2;3;17;24m▄[38;2;7;126;189;48;2;9;81;119m▇[38;2;36;134;184;48;2;14;130;190m┌[38;2;60;138;176;48;2;18;131;189m╴[38;2;0;127;195;48;2;2;127;194m╴[38;2;26;56;70;48;2;58;135;173m▁[38;2;141;154;154;48;2;139;153;153m╴[38;2;140;154;154;48;2;139;154;154m┊[48;2;139;153;153m┈[48;2;135;148;148m┈[38;2;120;132;131;48;2;16;17;17m▅[38;2;76;83;83;48;2;7;7;7m▁[48;2;0;0;0m           [0m
[7m[38;2;0;0;0m [0m[38;2;0;0;0;48;2;0;0;0m  [38;2;7;53;77;48;2;1;3;4m▁[38;2;4;113;171;48;2;3;18;25m▄[38;2;9;126;189;48;2;9;83;121m▇[38;2;40;134;182;48;2;20;131;189m┊[38;2;47;135;180;48;2;17;131;190m┙[38;2;0;128;196;48;2;3;128;194m┊[38;2;8;46;66;48;2;2;121;184m▂[38;2;2;7;10;48;2;7;95;142m▅[38;2;0;0;0;48;2;0;1;1m┈[38;2;3;4;4;48;2;88;96;96m▅[38;2;53;57;57;48;2;136;150;149m▃[38;2;140;154;154;48;2;139;153;153m╴[48;2;139;154;154m [48;2;139;153;153m┈[48;2;135;149;149m┈[38;2;121;133;133;48;2;17;18;18m▅[38;2;61;67;67;48;2;1;1;1m▂[48;2;0;0;0m         [0m
[7m[38;2;0;0;0m [0m[38;2;7;55;79;48;2;1;3;4m▁[38;2;4;114;172;48;2;4;19;27m▄[38;2;9;127;189;48;2;7;85;124m▇[38;2;47;135;180;48;2;21;131;188m╌[38;2;7;129;193;48;2;53;137;178m▇[38;2;0;128;196;48;2;2;128;194m┊[38;2;8;41;59;48;2;2;119;182m▂[38;2;1;6;8;48;2;7;91;135m▅[48;2;0;0;0m     [38;2;3;3;3;48;2;88;95;95m▅[38;2;52;56;56;48;2;136;149;149m▃[38;2;139;154;154;48;2;139;154;153m┈[38;2;140;154;154;48;2;139;154;154m┈[48;2;139;153;153m┈[48;2;136;149;149m┈[38;2;122;134;134;48;2;18;20;19m▅[38;2;64;69;68;48;2;2;2;2m▂[48;2;0;0;0m       [0m
[38;2;8;97;144;48;2;5;20;29m▗[38;2;3;125;191;48;2;8;87;129m▇[38;2;54;137;178;48;2;18;131;189m╺[38;2;10;129;192;48;2;50;136;179m▆[38;2;0;128;196;48;2;2;128;195m┈[38;2;11;110;162;48;2;1;126;194m╶[38;2;7;101;152;48;2;5;31;46m▘[48;2;0;0;0m         [38;2;3;3;3;48;2;87;94;94m▅[38;2;51;55;55;48;2;135;149;149m▃[38;2;140;154;154;48;2;139;154;153m┈[48;2;139;154;154m┊[48;2;140;154;154m [48;2;136;150;150m╴[38;2;123;135;135;48;2;20;22;21m▅[38;2;67;72;72;48;2;2;2;2m▂[48;2;0;0;0m     [0m
[7m[38;2;0;0;0m [0m[38;2;1;3;4;48;2;8;80;120m▅[38;2;7;48;69;48;2;1;123;189m▃[38;2;0;127;196;48;2;0;127;195m┈[38;2;0;128;196m┈ [38;2;0;127;196;48;2;1;123;188m┈[38;2;4;110;168;48;2;4;16;22m▅[38;2;8;56;82;48;2;0;1;2m▖[48;2;0;0;0m         [38;2;3;3;3;48;2;86;94;93m▅[38;2;51;54;54;48;2;135;149;149m▃[38;2;139;154;154;48;2;139;153;153m┄[38;2;140;154;154;48;2;139;154;154m┈[48;2;140;154;154m [48;2;136;150;150m┈[38;2;125;137;136;48;2;22;24;24m▅[38;2;69;75;75;48;2;2;3;3m▂[48;2;0;0;0m   [0m
[7m[38;2;0;0;0m [0m[38;2;0;0;0;48;2;0;0;0m  [38;2;2;10;14;48;2;7;94;140m▆[38;2;7;44;65;48;2;2;123;188m▃[38;2;0;127;194;48;2;0;127;195m╴[48;2;0;128;196m [38;2;0;128;196;48;2;0;128;195m▉[48;2;1;124;189m┈[38;2;3;112;170;48;2;4;18;25m▅[38;2;8;62;90;48;2;0;2;3m▂[48;2;0;0;0m         [38;2;11;11;11;48;2;103;113;112m▆[38;2;50;54;54;48;2;135;149;149m▃[38;2;140;154;154;48;2;139;153;153m┈[48;2;139;154;154m┊[48;2;139;153;153m┈[48;2;137;151;150m┈[38;2;126;138;138;48;2;23;25;25m▅[38;2;72;78;77;48;2;3;3;3m▂[48;2;0;0;0m [0m
[7m[38;2;0;0;0m [0m[38;2;0;0;0;48;2;0;0;0m    [38;2;2;9;13;48;2;8;91;135m▆[38;2;7;43;62;48;2;2;122;186m▃[48;2;0;127;195m [38;2;0;128;196m┈[38;2;0;128;194;48;2;0;128;196m┊[38;2;1;127;195;48;2;1;124;191m┊[38;2;3;114;173;48;2;4;20;29m▅[38;2;9;65;96;48;2;1;3;3m▂[48;2;0;0;0m        [38;2;0;0;0;48;2;2;2;2m┈[38;2;42;45;45;48;2;109;120;120m▍[38;2;139;153;153;48;2;140;154;154m▏  [38;2;140;154;154;48;2;139;153;153m┈[38;2;89;97;97;48;2;135;148;148m▁[38;2;124;135;134;48;2;15;16;16m╸[0m
[7m[38;2;0;0;0m [0m[38;2;0;0;0;48;2;0;0;0m      [38;2;2;8;12;48;2;8;89;132m▆[38;2;7;40;58;48;2;2;122;186m▃[48;2;0;127;195m [38;2;0;127;195;48;2;0;128;196m▁[38;2;0;128;196;48;2;0;127;195m┈[48;2;1;125;191m┈[38;2;3;115;175;48;2;5;23;33m▅[38;2;8;69;102;48;2;1;3;4m▂[48;2;0;0;0m    [38;2;0;0;0;48;2;2;2;2m┈[38;2;117;128;128;48;2;14;15;15m▃[38;2;136;150;150;48;2;69;75;75m▆[38;2;140;154;154;48;2;139;154;153m▅[38;2;139;154;153;48;2;140;154;154m▏[38;2;140;154;154;48;2;139;153;153m┈[38;2;87;95;94;48;2;137;150;150m▁[38;2;17;18;18;48;2;122;134;134m▄[38;2;2;2;2;48;2;54;58;57m▇[48;2;0;0;0m [0m
[7m[38;2;0;0;0m [0m[38;2;0;0;0;48;2;0;0;0m        [38;2;2;7;10;48;2;9;86;127m▆[38;2;7;38;54;48;2;2;121;185m▃[48;2;0;127;195m [48;2;0;128;196m  [48;2;1;126;193m [38;2;3;117;178;48;2;5;26;38m▅[38;2;7;74;109;48;2;1;4;6m▂[38;2;0;0;0;48;2;2;3;3m┈[38;2;118;129;129;48;2;15;16;16m▃[38;2;137;150;150;48;2;71;77;77m▆[48;2;139;154;153m [48;2;140;154;154m  [38;2;84;91;90;48;2;136;150;150m▁[38;2;16;17;17;48;2;121;133;132m▄[38;2;2;2;2;48;2;51;55;55m▇[48;2;0;0;0m   [0m
[7m[38;2;0;0;0m [0m[38;2;0;0;0;48;2;0;0;0m          [38;2;8;84;124;48;2;2;7;10m▝[38;2;7;36;51;48;2;3;121;184m▃[38;2;0;127;196;48;2;0;127;194m┈[38;2;0;128;196;48;2;0;127;195m┈ [48;2;0;126;193m┈[38;2;98;142;160;48;2;56;64;64m▇[38;2;139;154;154;48;2;140;153;153m┊[38;2;140;154;154;48;2;139;154;153m┈[48;2;139;154;154m┈[38;2;81;88;88;48;2;136;150;149m▁[38;2;15;16;16;48;2;119;131;131m▄[38;2;2;2;2;48;2;49;52;52m▇[48;2;0;0;0m     [0m
[7m[38;2;0;0;0m [0m[38;2;0;0;0;48;2;0;0;0m            [38;2;5;9;12;48;2;8;82;120m▆[38;2;18;65;88;48;2;22;110;157m╴[38;2;0;127;195;48;2;1;127;194m┊[38;2;0;128;196;48;2;0;127;195m▉[38;2;6;125;187;48;2;130;153;158m▎[38;2;140;154;153;48;2;140;154;154m▏[38;2;79;86;86;48;2;136;149;149m▁[38;2;14;14;14;48;2;119;130;129m▄[38;2;1;1;1;48;2;46;49;49m▇[48;2;0;0;0m       [0m
[7m[38;2;0;0;0m [0m[38;2;0;0;0;48;2;0;0;0m          [48;2;4;4;4m┈[38;2;123;135;135;48;2;18;20;20m▃[38;2;130;142;142;48;2;51;52;54m▆[38;2;133;147;147;48;2;83;90;89m▄[38;2;99;113;116;48;2;33;110;150m▆[38;2;77;111;127;48;2;6;123;186m▃[38;2;42;70;83;48;2;95;141;160m▁[38;2;12;13;13;48;2;117;128;128m▄[38;2;1;1;1;48;2;44;47;47m▇[48;2;0;0;0m         [0m
[7m[38;2;0;0;0m [0m[38;2;0;0;0;48;2;0;0;0m          [38;2;12;13;13;48;2;140;153;152m▋[38;2;139;154;153;48;2;139;154;154m▝[48;2;140;154;154m▏[38;2;139;153;153m▁[38;2;75;81;81;48;2;135;148;148m▁[38;2;12;13;13;48;2;115;126;126m▄[38;2;0;0;0;48;2;5;6;6m┈[48;2;0;0;0m           [0m
[7m[38;2;0;0;0m [0m[38;2;0;0;0;48;2;0;0;0m          [38;2;12;13;13;48;2;140;153;153m▋[48;2;140;154;154m [38;2;72;78;77;48;2;134;148;147m▁[38;2;11;11;11;48;2;114;125;125m▄[38;2;0;0;0;48;2;6;6;6m┈[48;2;0;0;0m             [0m
[7m[38;2;0;0;0m [0m[38;2;0;0;0;48;2;0;0;0m          [38;2;10;11;11;48;2;109;119;118m▋[38;2;10;10;10;48;2;113;123;123m▄[38;2;0;0;0;48;2;5;6;6m┈[48;2;0;0;0m               [0m
