[0m [38;2;0;0;0m               [0m [38;2;108;108;108m▄[38;2;124;124;124;48;2;17;17;17m▇[0m[38;2;122;122;122m▅[38;2;86;86;86m▖              [0m
 [38;2;0;0;0m           [38;2;245;245;245m▗[38;2;250;250;250m▇[38;2;255;255;255;48;2;175;175;175m▇[0m[7m[38;2;182;182;182m▝[0m [7m[38;2;117;117;117m▄[38;2;124;124;124m▅[38;2;118;118;118m▃[0m[38;2;128;128;128;48;2;126;126;126m┈[0m[38;2;121;121;121m▅[38;2;83;83;83m▖            [0m
 [38;2;0;0;0m           [38;2;130;130;130m▝[7m[38;2;229;229;229m▃[38;2;247;247;247m▃[0m[38;2;221;221;221m▘[7m[38;2;6;145;181m▋[0m[38;2;0;203;254;48;2;1;202;252m┊[38;2;0;204;255;48;2;0;203;254m┈[0m[38;2;8;155;193m▌[38;2;76;76;76m▝[7m[38;2;119;119;119m▃[0m[38;2;32;32;32;48;2;127;127;127m [0m[38;2;122;122;122m▅[38;2;116;116;116m▆[38;2;127;127;127m▆▆▆▆▆[38;2;117;117;117m▆[0m [38;2;61;61;61m   [0m
 [38;2;0;0;0m           [0m [38;2;112;179;2m▅[38;2;124;197;2m▆[38;2;110;175;2m▅[0m [7m[38;2;4;186;232m▆[38;2;3;198;248m▆[0m [38;2;0;0;0m  [38;2;80;80;80m▝[7m[38;2;121;121;121m▃[0m[38;2;128;128;128;48;2;127;127;127m┈[0m[38;2;124;124;124m▊[7m[38;2;128;128;128m▆▆▆[38;2;127;127;127m▎[0m[38;2;39;39;39;48;2;128;128;128m [0m[38;2;96;96;96m▎   [0m
 [38;2;0;0;0m           [0m [7m[38;2;126;201;0m▂[0m[38;2;53;84;3;48;2;128;204;1m [0m[7m[38;2;124;198;0m▂[0m [38;2;62;99;3m       [7m[38;2;93;93;93m▇[0m [38;2;0;0;0m   [7m[38;2;127;127;127m▎[0m[38;2;4;4;4;48;2;128;128;128m [0m[38;2;96;96;96m▎   [0m
 [38;2;0;0;0m     [0m [38;2;112;112;112m▃[38;2;127;127;127m▅[38;2;105;105;105m▖ [38;2;9;160;200m▁[38;2;0;204;255m▁▁▁▁▁▁▁▁[38;2;3;186;232m▁[0m [38;2;0;0;0m       [7m[38;2;127;127;127m▎[0m[38;2;4;4;4;48;2;128;128;128m [0m[38;2;96;96;96m▎   [0m
 [38;2;0;0;0m   [0m [38;2;110;110;110m▃[38;2;71;71;71;48;2;126;126;126m▘[38;2;76;76;76;48;2;125;125;125m▁[0m[7m[38;2;109;109;109m▄[0m [7m[38;2;5;124;154m▊[38;2;3;196;245m▁[0m[38;2;0;204;255;48;2;0;199;249m┈[48;2;0;204;255m [0m[7m[38;2;0;204;255m▁▁▁▁[0m[38;2;4;35;43;48;2;0;204;255m [38;2;0;204;255;48;2;0;203;253m┈[0m[7m[38;2;1;202;252m▁[0m[38;2;5;143;179m▍       [7m[38;2;101;101;101m▎[0m[38;2;128;128;128;48;2;127;127;127m┈[0m[7m[38;2;110;110;110m▝[0m[38;2;65;65;65m▖  [0m
 [38;2;0;0;0m [0m [38;2;108;108;108m▃[38;2;67;67;67;48;2;125;125;125m▘[38;2;80;80;80m▁[0m[7m[38;2;111;111;111m▄[0m [38;2;1;1;1m    [7m[38;2;1;203;255m▎[0m[38;2;0;204;255;48;2;1;203;254m▉[0m[38;2;8;182;228m▎[38;2;3;203;254m▁[38;2;9;163;203m▁[7m[38;2;25;100;121m▉[0m[38;2;5;203;255;48;2;0;204;255m▏[38;2;1;203;254;48;2;23;122;151m▉[0m[38;2;1;203;254m          [38;2;94;94;94m▝[7m[38;2;117;117;117m▖[0m[38;2;128;128;128;48;2;125;125;125m┈[0m[38;2;114;114;114m▅[0m [0m
 [38;2;0;0;0m [7m[38;2;111;111;111m▋[0m[38;2;0;0;0;48;2;128;128;128m [0m[38;2;127;127;127m▋[0m [38;2;2;2;2m   [0m [38;2;5;171;213m▃[38;2;2;184;229m▅[38;2;2;139;173;48;2;1;198;248m▏[38;2;1;203;254;48;2;0;203;254m▁[0m[38;2;6;184;230m▎[7m[38;2;2;203;254m▇[38;2;5;165;206m▇[38;2;24;100;121m▉[0m[38;2;9;203;254;48;2;0;203;254m▏[38;2;0;204;255;48;2;2;202;252m┈[0m[38;2;2;192;240m▅[38;2;3;184;230m▃[38;2;6;113;141m▁         [38;2;100;100;100m▝[48;2;128;128;128m [38;2;128;128;128;48;2;105;105;105m╴[0m
 [38;2;0;0;0m [38;2;84;84;84m▝[7m[38;2;127;127;127m▂[0m[38;2;128;128;128m▘  [38;2;5;115;143m▗[38;2;2;188;235m▅[38;2;0;204;255;48;2;2;196;245m┈[0m[7m[38;2;1;201;252m▂[38;2;2;195;244m▄[38;2;4;199;248m▆[38;2;10;185;232m▇[0m [38;2;0;0;0m   [7m[38;2;11;164;205m▇[38;2;6;190;238m▆[38;2;3;190;238m▄[38;2;1;198;247m▂[0m[38;2;0;204;255;48;2;1;201;251m┈[0m[38;2;2;197;246m▅[38;2;6;129;161m▃       [7m[38;2;128;128;128m▉[0m[38;2;2;2;2;48;2;128;128;128m [38;2;124;124;124;48;2;0;0;0m▉[0m
[38;2;87;138;3m▂[38;2;118;187;5m▃[38;2;112;178;2m▃[38;2;111;177;1m▃[38;2;111;177;2m▃[38;2;111;177;3m▃[38;2;111;177;2m▃[38;2;67;107;1;48;2;4;164;205m▅[38;2;56;105;22;48;2;0;204;255m▆[0m[7m[38;2;5;157;196m▆[0m[38;2;122;191;8m▃▃[38;2;116;183;4m▃[38;2;111;177;2m▃[38;2;111;176;2m▃[38;2;107;170;4m▂      [7m[38;2;4;126;157m▆[38;2;2;179;223m▖[0m[38;2;0;204;255;48;2;1;203;254m┈[0m[7m[38;2;3;174;217m▝[0m [38;2;0;0;0m     [7m[38;2;128;128;128m▉[0m[38;2;2;2;2;48;2;128;128;128m [38;2;124;124;124;48;2;0;0;0m▉[0m
[7m[38;2;127;203;2m▏[0m[38;2;10;14;5;48;2;129;206;0m         [38;2;245;250;238;48;2;147;212;41m╺[38;2;225;242;196;48;2;145;210;38m▆[38;2;225;242;197;48;2;144;211;35m▆[38;2;225;242;196;48;2;144;211;33m▆[38;2;206;235;159;48;2;140;208;29m▆[38;2;128;206;0;48;2;128;205;0m┈[0m [38;2;15;21;6m       [38;2;4;194;242m▝[38;2;0;204;255;48;2;1;201;251m┊[0m[7m[38;2;3;198;248m▝[0m [38;2;0;0;0m    [7m[38;2;128;128;128m▉[0m[38;2;2;2;2;48;2;128;128;128m [38;2;124;124;124;48;2;0;0;0m▉[0m
[7m[38;2;79;125;4m━[38;2;128;204;1m━[38;2;128;205;0m━━[38;2;127;203;0m━[38;2;126;201;1m━[38;2;126;201;0m━━[38;2;126;202;0m━[38;2;126;201;0m━━[38;2;126;202;0m━[38;2;126;201;0m━[38;2;126;202;0m━[38;2;126;201;2m━[38;2;94;150;4m━[0m[38;2;0;0;0m         [7m[38;2;4;175;219m▌[0m[38;2;0;204;255;48;2;0;203;254m┈[0m[38;2;4;185;232m▌    [7m[38;2;128;128;128m▉[0m[38;2;2;2;2;48;2;128;128;128m [38;2;124;124;124;48;2;0;0;0m▉[0m
[7m[38;2;128;205;0m▏[0m[38;2;34;51;6;48;2;129;206;0m         [38;2;240;247;228;48;2;145;212;36m╺[38;2;139;209;26;48;2;219;240;184m▂[38;2;142;210;31;48;2;220;241;188m▂[38;2;143;211;34;48;2;220;241;186m▂[38;2;231;245;207;48;2;170;221;87m━[38;2;129;206;1;48;2;128;205;0m┊[0m [38;2;44;69;6m        [7m[38;2;7;159;199m▉[0m[38;2;4;203;253;48;2;0;203;254m▏[0m[38;2;1;198;248m▉    [7m[38;2;128;128;128m▉[0m[38;2;2;2;2;48;2;128;128;128m [38;2;124;124;124;48;2;0;0;0m▉[0m
[7m[38;2;76;121;3m━[38;2;123;196;1m━[38;2;127;202;4m━[38;2;125;200;3m━[38;2;125;200;2m━━[38;2;125;200;1m━[38;2;125;200;2m━[38;2;125;200;3m━[38;2;126;200;4m━[38;2;126;200;5m━[38;2;126;200;4m━[38;2;125;199;1m━[38;2;127;202;2m━[38;2;128;204;2m━[38;2;96;153;4m━[0m[38;2;0;0;0m         [7m[38;2;8;176;219m▉[0m[38;2;0;204;255;48;2;1;203;254m┊[0m[38;2;1;195;244m▉    [7m[38;2;128;128;128m▉[0m[38;2;2;2;2;48;2;128;128;128m [38;2;124;124;124;48;2;0;0;0m▉[0m
[7m[38;2;128;205;0m▏[0m[38;2;254;254;254;48;2;151;213;48m╺[38;2;252;253;249;48;2;144;211;35m╸[38;2;254;253;252;48;2;157;216;61m╺[38;2;237;246;220;48;2;140;210;27m╸[48;2;129;206;0m          [38;2;129;206;0;48;2;128;205;0m┈[0m [38;2;53;83;6m        [7m[38;2;3;184;230m▌[0m[38;2;0;204;255;48;2;0;203;254m┈[0m[38;2;3;175;219m▌    [7m[38;2;128;128;128m▉[0m[38;2;2;2;2;48;2;128;128;128m [38;2;124;124;124;48;2;0;0;0m▉[0m
[7m[38;2;89;142;3m▆[38;2;117;187;1m▅[38;2;120;190;4m▅[38;2;122;192;7m▅▅[38;2;115;183;3m▅[38;2;113;180;2m▅[38;2;106;169;2m▖[38;2;117;187;2m▗[38;2;113;180;2m▅▅[38;2;115;183;3m▅[38;2;120;190;4m▅[38;2;119;189;3m▅[38;2;116;184;3m▅[38;2;111;177;3m▆[0m[38;2;5;8;0m       [0m [38;2;2;203;254m▗[38;2;0;204;255;48;2;0;203;254m┈[0m[7m[38;2;3;189;236m▗[0m [38;2;0;0;0m    [7m[38;2;128;128;128m▉[0m[38;2;2;2;2;48;2;128;128;128m [38;2;124;124;124;48;2;0;0;0m▉[0m
 [38;2;103;163;6m▝[38;2;87;138;6m▘[38;2;118;188;7m▘[7m[38;2;102;163;5m▄[38;2;127;202;5m▄[38;2;127;203;5m▄[38;2;117;187;3m▃[38;2;121;194;2m▃[38;2;124;198;4m▄[38;2;128;204;5m▄[38;2;120;191;5m▄[0m[38;2;114;181;7m▝[7m[38;2;67;106;5m▅[0m[38;2;118;188;5m▘      [0m [38;2;6;166;207m▂[7m[38;2;3;191;239m▘[0m[38;2;0;204;255;48;2;2;201;251m╴[0m[7m[38;2;3;180;225m▄[0m [38;2;0;0;0m     [7m[38;2;128;128;128m▉[0m[38;2;2;2;2;48;2;128;128;128m [38;2;124;124;124;48;2;0;0;0m▉[0m
 [38;2;0;0;0m      [0m [7m[38;2;5;153;192m▃[38;2;2;191;238m▁[0m[38;2;2;200;250m▇[38;2;2;195;244m▅[38;2;3;196;245m▃[38;2;4;180;225m▂[38;2;4;184;230m▁[38;2;3;110;137m▁[38;2;2;105;131m▁[38;2;8;176;221m▁[38;2;4;170;212m▂[38;2;3;190;238m▃[38;2;2;188;235m▅[38;2;1;196;245m▇[38;2;7;131;163;48;2;1;202;253m▁[0m[7m[38;2;4;184;231m▃[0m[38;2;7;115;143m▘[38;2;128;128;128m▁▁▁▁▁▁▁▁[48;2;128;128;128m [38;2;124;124;124;48;2;0;0;0m▉[0m
 [38;2;0;0;0m        [0m [7m[38;2;6;166;207m▆[38;2;3;185;232m▄[38;2;1;201;251m▃[38;2;1;203;254m▂[38;2;1;202;253m▁[0m[38;2;11;98;121;48;2;0;203;254m▁[38;2;11;104;129m▁[0m[7m[38;2;1;203;254m▁▂▃[38;2;1;195;244m▄[38;2;4;187;233m▆[0m [7m[38;2;79;79;79m▊[38;2;127;127;127m▂[0m[38;2;0;0;0;48;2;123;123;123m▁▁▁▁▁▁▁▁▁[38;2;9;9;9;48;2;98;98;98m▂[0m
