[0m[38;2;61;61;61m▆[38;2;60;60;60m▄[38;2;54;54;54m▂[0m [38;2;0;0;0m             [0m [38;2;54;54;54m▂[38;2;60;60;60m▄[38;2;61;61;61m▆[0m
[38;2;59;59;59;48;2;62;62;62m▏  [38;2;61;61;61;48;2;37;37;37m▇[0m[38;2;60;60;60m▅[38;2;56;56;56m▃[38;2;37;37;37m▁       [38;2;36;36;36m▁[38;2;56;56;56m▃[38;2;60;60;60m▅[38;2;61;61;61;48;2;37;37;37m▇[48;2;62;62;62m  [0m[7m[38;2;60;60;60m▁[0m
[38;2;59;59;59;48;2;62;62;62m▏  [0m[7m[38;2;61;61;61m▂[0m[38;2;62;62;62;48;2;61;61;61m┈[48;2;62;62;62m [48;2;61;61;61m┈[0m[38;2;60;60;60m▆[38;2;57;57;57m▄[38;2;48;48;48m▂[0m [38;2;47;47;47m▂[38;2;57;57;57m▄[38;2;60;60;60m▆[38;2;62;62;62;48;2;61;61;61m┈[48;2;62;62;62m [48;2;61;61;61m┈[0m[7m[38;2;60;60;60m▂[38;2;57;57;57m▄[38;2;47;47;47m▆[0m [0m
[38;2;59;59;59;48;2;62;62;62m▏  [0m[38;2;32;32;32m▏[7m[38;2;39;39;39m▇[38;2;57;57;57m▅[38;2;60;60;60m▃[0m[38;2;40;40;40;48;2;61;61;61m▁[48;2;62;62;62m  [38;2;54;54;54;48;2;61;61;61m┊[48;2;62;62;62m  [38;2;39;39;39;48;2;61;61;61m▁[0m[7m[38;2;60;60;60m▃[38;2;57;57;57m▅[38;2;38;38;38m▇[0m [38;2;193;60;2m▃[38;2;217;67;2m▅[38;2;225;70;2m▇[0m
[38;2;59;59;59;48;2;62;62;62m▏  [0m[38;2;32;32;32m▏[0m [38;2;203;63;2m▄[38;2;147;45;1m▂[0m [7m[38;2;55;55;55m▆[38;2;60;60;60m▄[38;2;61;61;61m▂[38;2;60;60;60m▄[38;2;55;55;55m▆[0m [38;2;144;44;1m▂[38;2;202;62;2m▄[38;2;219;68;2m▆[38;2;231;72;3;48;2;226;70;2m┈[48;2;231;72;3m  [48;2;225;70;2m▉[0m
[38;2;59;59;59;48;2;62;62;62m▏  [0m[38;2;32;32;32m▏[7m[38;2;121;37;1m▉[0m[38;2;0;0;0;48;2;231;72;3m  [0m[38;2;221;68;2m▇[38;2;208;64;2m▅[38;2;212;66;2m▂[38;2;123;37;0m▁[38;2;211;65;2m▂[38;2;207;64;2m▅[38;2;220;68;2m▇[48;2;231;72;3m  [38;2;231;72;3;48;2;225;70;2m┈[0m[7m[38;2;221;68;2m▂[0m[38;2;44;13;0;48;2;231;72;3m  [38;2;231;72;3;48;2;225;70;2m▉[0m
[38;2;59;59;59;48;2;62;62;62m▏  [0m[38;2;32;32;32m▏[0m [7m[38;2;190;59;2m▅[38;2;216;67;2m▃[38;2;225;70;2m▁[0m[38;2;95;29;0;48;2;231;72;3m  [38;2;231;72;3;48;2;230;71;2m┈[48;2;231;72;3m  [0m[7m[38;2;225;70;2m▁[38;2;216;67;2m▃[38;2;191;59;2m▅[0m  [38;2;0;0;0;48;2;231;72;3m  [38;2;231;72;3;48;2;225;70;2m▉[0m
[38;2;59;59;59;48;2;62;62;62m▏  [0m[38;2;32;32;32m▏   [0m [7m[38;2;172;53;1m▆[38;2;213;66;2m▄[38;2;219;68;2m▂[38;2;213;66;2m▄[38;2;174;54;2m▆[0m [38;2;0;0;0m   [0m [38;2;0;0;0;48;2;231;72;3m  [38;2;231;72;3;48;2;225;70;2m▉[0m
[38;2;59;59;59;48;2;62;62;62m▏  [0m[38;2;32;32;32m▏             [0m [38;2;0;0;0;48;2;231;72;3m  [38;2;231;72;3;48;2;225;70;2m▉[0m
[7m[38;2;52;52;52m▆[38;2;59;59;59m▄[38;2;61;61;61m▂[0m[38;2;31;31;31m▏             [0m [7m[38;2;228;71;2m▂[38;2;221;69;2m▄[38;2;196;60;2m▆[0m
